088080
088081
088082
088083
089074
089075
089076
089077
089078
089079
089080
089081
089082
089083
089084
089085
089086
089089
089090
090074
090075
090076
090077
090078
090079
090080
090081
090082
090083
090084
090085
090086
090087
090088
090089
090090
091072
091073
091074
091075
091076
091077
091078
091079
091080
091081
091082
091083
091084
091085
091086
091087
091088
091089
091090
092071
092072
092073
092074
092075
092076
092077
092078
092079
092080
092081
092082
092083
092084
092085
092086
092087
092088
092089
092090
093071
093072
093073
093074
093075
093076
093077
093078
093079
093080
093081
093082
093083
093084
093085
093086
093087
093088
094071
094072
094073
094074
094075
094076
094077
094078
094079
094080
094081
094082
094083
094084
094085
094086
094087
095071
095072
095073
095074
095075
095076
095077
095078
095079
095080
095081
095082
095083
095084
095085
095086
095087
096070
096071
096072
096073
096074
096075
096076
096077
096078
096079
096080
096081
096082
096083
096084
096085
096086
097067
097068
097069
097070
097071
097072
097073
097074
097075
097076
097077
097078
097079
097080
097081
097082
097083
097084
097085
098067
098068
098069
098070
098071
098072
098073
098074
098075
098076
098077
098078
098079
098080
098081
098082
098083
098084
098085
099067
099068
099069
099070
099071
099072
099073
099074
099075
099076
099077
099078
099079
099080
099081
099082
099083
099084
099085
100071
100072
100073
100074
100075
100076
100077
100078
100079
100080
100081
100082
100083
100084
101070
101071
101072
101073
101074
101075
101076
101077
101078
101079
101080
101081
101082
101083
102068
102069
102070
102071
102072
102073
102074
102075
102076
102077
102078
102079
102080
102081
102082
103068
103069
103070
103071
103072
103073
103074
103075
103076
103077
103078
103079
103080
103081
103082
104068
104069
104070
104071
104072
104073
104074
104075
104076
104077
104078
104079
104080
104081
104082
105067
105068
105069
105070
105071
105072
105073
105074
105075
105076
105077
105078
105079
105080
105081
105082
105083
106068
106069
106070
106071
106072
106073
106074
106075
106076
106077
106078
106079
106080
106081
106082
106083
107070
107071
107072
107073
107074
107075
107076
107077
107078
107079
107080
107081
107082
107083
107084
108069
108070
108071
108072
108073
108074
108075
108076
108077
108078
108079
108080
108081
108082
108083
108084
109069
109070
109071
109072
109073
109074
109075
109076
109077
109078
109079
109080
109081
109082
109083
109084
110069
110070
110071
110072
110073
110074
110075
110076
110077
110078
110079
110080
110081
110082
110083
110084
110085
111068
111069
111070
111071
111072
111073
111074
111075
111076
111077
111078
111079
111080
111081
111082
111083
111084
112072
112073
112074
112075
112076
112077
112078
112079
112080
112081
112082
112083
112084
113072
113073
113074
113075
113076
113077
113078
113079
113080
113081
113082
113083
114074
114075
114076
114077
114078
114079
114080
114081
115074
115075
115076
115077
115078
115079
115080
116076
116077
116078
